[
{
	"class": "com.pavengine.app.PavBounds.PavBounds",
	"box": {
		"bounds": {
			"min": {
				"x": -0.99999905,
				"y": -0.99155754,
				"z": -1
			},
			"max": {
				"x": 0.9999997,
				"y": 0.99155754,
				"z": 0.99999934
			},
			"cnt": {
				"x": 3.2782555E-7,
				"z": -3.2782555E-7
			},
			"dim": {
				"x": 1.9999988,
				"y": 1.9831151,
				"z": 1.9999993
			}
		},
		"transform": {},
		"inverseTransform": {},
		"vertices": [
			{
				"x": -0.99999905,
				"y": -0.99155754,
				"z": -1
			},
			{
				"x": -0.99999905,
				"y": -0.99155754,
				"z": 0.99999934
			},
			{
				"x": -0.99999905,
				"y": 0.99155754,
				"z": -1
			},
			{
				"x": -0.99999905,
				"y": 0.99155754,
				"z": 0.99999934
			},
			{
				"x": 0.9999997,
				"y": -0.99155754,
				"z": -1
			},
			{
				"x": 0.9999997,
				"y": -0.99155754,
				"z": 0.99999934
			},
			{
				"x": 0.9999997,
				"y": 0.99155754,
				"z": -1
			},
			{
				"x": 0.9999997,
				"y": 0.99155754,
				"z": 0.99999934
			}
		]
	},
	"transform": {}
},
{
	"class": "com.pavengine.app.PavBounds.PavBounds",
	"box": {
		"bounds": {
			"min": {
				"x": -0.5,
				"y": -0.5,
				"z": -0.5
			},
			"max": {
				"x": 0.5,
				"y": 0.5,
				"z": 0.5
			},
			"dim": {
				"x": 1,
				"y": 1,
				"z": 1
			}
		},
		"transform": {
			"val": [ 0.99785894, 0.06504436, 0.006836554, 0, 3.7252903E-9, 0.10452992, -0.994522, 0, -0.06540265, 0.99239266, 0.1043061, 0, -4.209812, 0, 0, 1 ]
		},
		"inverseTransform": {
			"val": [ 0.99785894, 2.2817392E-8, -0.065402634, 0, 0.06504434, 0.10452986, 0.9923922, 0, 0.006836534, -0.9945215, 0.10430606, 0, 4.200799, 9.499486E-8, -0.27533284, 1 ]
		},
		"axes": [
			{
				"x": 0.99785894,
				"y": 0.06504436,
				"z": 0.006836554
			},
			{
				"x": 3.7252894E-9,
				"y": 0.104529895,
				"z": -0.99452174
			},
			{
				"x": -0.065402634,
				"y": 0.9923924,
				"z": 0.10430608
			}
		],
		"vertices": [
			{
				"x": -4.67604,
				"y": -0.58098346,
				"z": 0.44168967
			},
			{
				"x": -4.741443,
				"y": 0.4114092,
				"z": 0.5459958
			},
			{
				"x": -4.67604,
				"y": -0.47645354,
				"z": -0.5528323
			},
			{
				"x": -4.741443,
				"y": 0.5159391,
				"z": -0.4485262
			},
			{
				"x": -3.6781814,
				"y": -0.5159391,
				"z": 0.4485262
			},
			{
				"x": -3.743584,
				"y": 0.47645354,
				"z": 0.5528323
			},
			{
				"x": -3.6781814,
				"y": -0.4114092,
				"z": -0.5459958
			},
			{
				"x": -3.743584,
				"y": 0.58098346,
				"z": -0.44168967
			}
		]
	},
	"type": "Ground",
	"position": {
		"x": -4.209812
	},
	"rotation": {
		"x": -0.6687718,
		"y": -0.024314856,
		"z": 0.021893155,
		"w": 0.7427476
	},
	"transform": {
		"val": [ 0.99785894, 0.06504436, 0.006836554, 0, 3.7252903E-9, 0.10452992, -0.994522, 0, -0.06540265, 0.99239266, 0.1043061, 0, -4.209812, 0, 0, 1 ]
	}
},
{
	"class": "com.pavengine.app.PavBounds.PavBounds",
	"box": {
		"bounds": {
			"min": {
				"x": -0.5,
				"y": -0.5,
				"z": -0.5
			},
			"max": {
				"x": 0.5,
				"y": 0.5,
				"z": 0.5
			},
			"dim": {
				"x": 1,
				"y": 1,
				"z": 1
			}
		},
		"transform": {
			"val": [ 0.5446371, 0.55297506, -0.63054717, 0, 2.9802322E-8, 0.7518396, 0.65934634, 0, 0.8386723, -0.35910472, 0.40947956, 0, 4.7482357, 2.7341619, -1.759017, 1 ]
		},
		"inverseTransform": {
			"val": [ 0.5446368, 4.9173786E-7, 0.8386716, 0, 0.55297494, 0.75183946, -0.35910416, 0, -0.6305464, 0.6593459, 0.4094793, 0, -5.207129, -0.8958525, -2.2800803, 1 ]
		},
		"axes": [
			{
				"x": 0.5446369,
				"y": 0.5529749,
				"z": -0.6305469
			},
			{
				"x": 2.9802319E-8,
				"y": 0.75183946,
				"z": 0.6593463
			},
			{
				"x": 0.838672,
				"y": -0.3591046,
				"z": 0.4094794
			}
		],
		"vertices": [
			{
				"x": 4.056581,
				"y": 2.261307,
				"z": -1.9781563
			},
			{
				"x": 4.895253,
				"y": 1.9022021,
				"z": -1.5686768
			},
			{
				"x": 4.056581,
				"y": 3.0131464,
				"z": -1.31881
			},
			{
				"x": 4.895253,
				"y": 2.6540418,
				"z": -0.9093305
			},
			{
				"x": 4.601218,
				"y": 2.814282,
				"z": -2.6087036
			},
			{
				"x": 5.4398904,
				"y": 2.4551773,
				"z": -2.199224
			},
			{
				"x": 4.601218,
				"y": 3.5661216,
				"z": -1.9493572
			},
			{
				"x": 5.4398904,
				"y": 3.2070167,
				"z": -1.5398777
			}
		]
	},
	"type": "HurtBounds",
	"position": {
		"x": 4.7482357,
		"y": 2.7341619,
		"z": -1.759017
	},
	"rotation": {
		"x": -0.30956337,
		"y": -0.44657668,
		"z": -0.16807956,
		"w": -0.82249004
	},
	"transform": {
		"val": [ 0.5446371, 0.55297506, -0.63054717, 0, 2.9802322E-8, 0.7518396, 0.65934634, 0, 0.8386723, -0.35910472, 0.40947956, 0, 4.7482357, 2.7341619, -1.759017, 1 ]
	}
}
]